31517 Aarao 1 23 13
68 Abdenago 20 23 7
10597 Abdul 18 25 8
28276 Abel 3 23 27
24418 Abelamio 24 29 18
2039 Abelardo 19 3 28
10509 Abigail 2 12 19
3708 Abilio 2 15 8
30856 Abna 4 8 3
19978 Abraao 24 1 16
10885 Abraim 3 29 13
30275 Abrao 7 22 21
18155 Absalao 7 4 23
29436 Acacio 3 4 12
10144 acil 26 21 17
26204 Acilino 21 11 6
16032 Acilio 22 2 28
14618 Acucena 20 12 15
15816 Acursio 15 4 8
6554 Ada 10 24 7
13823 Adail 20 28 29
18675 Adalberto 4 0 21
12449 Adalgisa 4 20 21
19750 Adalia 1 20 20
7518 Adalsindo 29 8 23
6669 Adalsino 29 25 17
32745 Adamantino 4 9 15
3790 Adamastor 14 1 26
25632 Adao 20 3 12
21462 Adelaide 9 24 7
5283 Adelia 23 21 8
17824 Adelio 17 24 27
12015 Adelindo 13 19 21
15069 Adelina 8 25 26
18804 Adelino 23 1 11
10424 Adelmo 27 12 19
17221 Ademar 22 7 1
32322 Adeodato 12 14 28
21069 Aderio 28 26 14
6230 Aderito 8 8 16
19505 Adiel 16 18 23
31084 adila 29 1 10
18250 Adilia 8 5 19
3380 Adilio 8 25 10
23640 Adner 28 6 9
15865 Adolfo 2 25 19
22234 Adonai 9 10 13
4630 Adonias 18 20 3
20794 Adonilo 6 2 7
31227 Adonis 19 22 29
25377 Adorino 24 15 21
31650 Adosinda 15 28 20
31670 Adriana 20 9 10
3681 Adriano 24 11 1
3738 Adriel 7 3 17
21106 Adrien 18 29 1
12752 Adrualdo 3 13 8
27059 Adruzilo 15 3 6
31745 Afonsino 25 22 13
9064 Afonsina 28 15 23
11699 Afonso 15 10 19
31491 Afra 8 23 9
17776 Afranio 20 25 9
10817 Afre 28 8 2
24050 Africana 15 16 5
20768 Africano 29 13 22
28360 agata 6 5 3
2669 Agenor 3 18 28
2835 Agna 9 28 13
14860 Agnelo 12 3 2
22354 Agnes 13 27 17
2590 Agostinho 9 17 25
30286 agueda 21 13 10
30384 Aida 3 5 23
28326 Aide 12 7 21
928 Aires 9 13 18
21906 Airiza 9 16 11
22223 Airton 3 11 12
12492 Aitor 18 23 13
232 Aixa 8 26 13
20681 Aladino 5 22 7
20793 Alaide 0 12 15
11682 Alamiro 9 18 1
13679 Alan 17 19 17
25693 Alana 26 4 1
27713 Alano 1 15 26
8061 Alao 27 9 26
19009 Alba 4 17 10
19707 Albano 25 28 29
2672 Alberico 24 13 29
21779 Alberta 28 1 30
12368 Alberto 4 28 5
24727 Alcibiades 15 28 0
28539 Alcides 12 11 7
29337 Alcina 5 8 10
27919 Alcindo 17 24 7
30896 Alcino 18 15 23
4467 Alcione 6 17 7
20008 Aldair 16 21 13
5436 Aldara 30 3 8
20949 Aldemar 15 26 10
2620 Aldenir 21 28 27
27493 Aldenora 12 3 0
27133 Alder 1 25 4
1128 Aldo 9 27 12
15680 Aldo 24 0 25
23137 Aldonio 10 16 6
19503 Aldora 2 20 28
31394 Alegria 15 12 29
1380 Aleixa 11 19 11
32190 Aleta 22 23 30
2007 Aleu 16 17 4
32572 Alex 24 19 23
31764 Alexa 25 8 17
19114 Alexandra 6 25 19
1275 Alexandre 4 13 15
17274 Alexandrina 25 19 7
24722 Alexandrino 19 25 4
23738 Alexandro 0 8 19
5734 Alexia 27 12 24
9645 Alexina 15 17 20
12009 Alexio 16 13 14
27185 Alexis 18 3 28
32468 Alfeu 23 22 18
19240 Alfreda 26 1 7
28261 alia 11 13 21
14129 Aliana 3 1 10
9136 Alica 22 29 22
11839 Alice 10 16 30
28765 Alicia 25 27 8
20173 Alida 11 11 28
9874 Alina 25 27 21
25018 Aline 5 8 3
21966 Alipio 4 27 7
539 Alirio 26 27 28
14342 Alisande 1 12 14
10371 alison 21 19 26
6211 Alita 22 17 23
23946 Alitio 13 27 1
1935 Alito 11 6 23
13730 Alivar 29 0 21
6648 Alix 12 26 26
2166 Alma 13 7 17
29931 Almara 5 7 19
10347 Almesinda 10 19 3
318 Almira 9 9 6
17146 Almiro 27 25 1
26265 Alois 7 27 13
6390 Aloisio 9 28 10
30214 Alpoim 12 12 9
27033 Altina 21 24 15
18640 Altino 4 5 5
329 Alva 26 19 28
2481 Alvarim 2 21 28
32371 Alvarina 14 3 18
19440 Alvarino 1 16 0
7966 Alvario 23 27 27
30160 Alvino 21 8 20
14202 Alzira 6 7 2
15853 Amadeu 20 25 30
12848 Amadis 17 15 9
16583 Amado 26 5 24
3154 Amador 17 7 14
22382 Amanda 27 20 18
29141 Amandina 13 17 14
24735 Amara 11 9 17
1712 Amarildo 15 19 5
30689 Amarilio 8 21 18
2580 Amarilis 28 8 5
12889 Amaro 14 12 13
11361 Amauri 8 11 16
30576 Amavel 13 23 14
30145 Amelia 21 4 25
31618 Amelina 12 27 30
19086 America 5 9 29
21808 Americo 26 15 22
17386 Aminadabe 18 24 6
10760 Amor 11 20 1
1598 Amora 7 4 6
5532 Amorim 7 21 17
19570 Amorina 16 4 19
17996 Amorzinda 13 28 11
22044 Amos 22 27 19
25923 Ana 2 15 27
6140 Anabel 25 20 8
19320 Anabela 20 29 9
18811 Anael 4 4 4
21437 Anaice 26 23 16
32522 Anaide 6 25 25
23059 Anaim 18 23 9
16535 Anair 16 6 24
15075 Anais 5 13 13
17510 Anaisa 0 0 17
30931 Anaisa 23 10 30
31261 Analdina 23 4 21
9792 Analia 13 14 29
11970 Analice 2 17 3
22450 Analide 18 24 27
6638 Analisa 5 13 2
20162 Anamar 22 16 4
26011 Anania 16 28 19
18755 Ananias 8 27 11
3360 Anas 28 16 10
32437 Anatilde 23 27 24
5475 Andre 27 2 9
26183 Andrea 2 24 18
28486 Andreia 6 10 14
29170 Andreias 22 7 9
7902 Andreina 21 25 25
3964 Andrelina 23 10 17
21746 Andreo 15 5 2
1620 Andres 13 1 8
21965 Andresa 18 29 5
16821 andria 26 20 17
8056 Aneide 20 26 6
20588 Anesia 16 28 15
4810 Anfilito 9 20 22
28719 Anfiloco 21 28 29
15860 Angel 11 8 23
26742 angela 17 27 2
7283 Angelica 27 28 28
22819 Angelico 25 9 29
32654 Angelina 27 2 18
907 Angelita 28 23 29
11210 angelo 24 3 10
2200 ania 0 22 27
23292 Aniana 0 13 0
11544 Anicia 3 20 14
4060 Anielo 8 5 4
32123 Aniria 1 16 9
20297 Anisia 13 19 5
13454 Anisio 10 0 18
13473 Anita 16 14 20
9457 Anolido 28 27 10
16853 Anquita 9 3 2
9051 Anselmo 10 13 1
4388 Anteia 26 20 2
8172 Antelmo 10 9 2
32158 Antera 4 29 0
20250 Antero 15 21 29
16611 Antonela 26 6 22
1789 Antonelo 12 17 23
14269 Antonia 21 26 1
23558 Antonieta 19 17 4
19577 Antonina 14 23 8
8297 Antonio 14 27 27
15668 Anunciacao 28 25 29
17333 Anunciada 3 4 30
25978 Anuque 8 6 10
15486 Anusca 13 5 9
11750 Aparecida 18 1 6
13315 Aparicio 26 0 22
6559 apio 14 18 22
11303 Apolinario 13 18 6
26855 Apolo 22 28 13
23116 Aprigio 14 22 1
16675 Aquil 26 9 20
1471 Aquila 14 15 23
3574 aquila 15 8 26
28382 Aquiles 15 22 24
11372 Aquilino 7 4 13
11299 Aquira 3 22 10
14408 Arabela 2 24 2
5293 Araci 27 22 25
21742 Aradna 7 10 3
19467 Aramis 26 18 0
22152 Arao 21 14 8
24905 Arcadio 26 3 28
5453 Arcanjo 28 25 20
17306 Arcelino 4 21 12
17435 Arcelio 12 8 26
8462 Arcilio 29 29 20
11457 Ardingue 19 6 18
10291 Argemiro 27 9 13
1960 Argentina 14 12 29
11162 Argentino 0 7 25
4543 Ari 19 6 0
24207 aria 7 21 4
23256 Ariadna 16 5 14
23685 Ariadne 22 16 17
22486 Ariana 18 9 9
30988 Ariane 18 14 13
24410 Ariel 13 28 12
1100 Ariele 7 6 4
11479 Arinda 13 0 29
20552 Arine 0 27 11
9515 Ariosto 18 20 25
25997 Arisberto 29 15 1
12600 Aristides 3 16 13
2543 Aristoteles 1 3 2
26132 Arlanda 27 30 9
4730 Arlete 7 11 28
12218 Armandina 0 19 26
465 Armandino 24 12 5
6772 Armando 4 0 16
16008 Armelim 26 16 9
30794 Armenia 3 15 27
18744 Armenio 11 7 2
19263 Aron 18 1 24
22631 Arquimedes 18 25 5
25125 Arquiminio 20 1 22
12408 Arquimino 19 9 7
17735 Arsenio 13 24 6
55 Artemisa 4 29 6
14656 Artemisia 23 18 29
3783 Artur 7 23 11
4538 Aruna 20 22 19
11769 Ary 26 20 1
6887 Ascenso 3 20 7
15439 Aselio 29 28 26
22508 aser 1 16 14
7235 asia 25 12 0
1444 Assis 25 20 14
29314 Assuncao 1 13 25
3159 Assunta 16 4 26
19256 Astrid 28 13 9
8290 Astride 10 16 7
1710 Ataide 24 12 25
4321 Atanasio 18 12 13
12216 Atao 24 23 15
31954 Atenais 24 16 6
13009 atila 1 15 5
10845 atina 8 3 27
25300 Aubri 20 8 30
22798 Audete 15 13 12
24750 Aura 29 19 25
28499 aurea 22 21 29
25989 Aurelia 17 30 27
9341 Aureliana 9 28 25
11040 aureo 8 3 20
5124 Aurete 27 29 5
19613 Auriana 13 5 7
19446 Ausenda 24 29 13
2479 Ausendo 3 18 1
14249 Austrelino 26 7 8
26877 Auta 1 2 29
4392 Auxilia 27 9 9
5884 Ava 27 24 17
16393 Avelino 16 2 18
28985 Aventino 4 11 27
15826 Axel 5 4 12
18425 Azelio 21 5 21
26713 Aziz 25 2 6
24237 Azuil 1 21 2
31111 Baldemar 23 3 19
25318 Baldomero 29 19 21
7857 Banduino 10 5 9
21130 Baltasar 19 20 17
21632 Baqui 10 15 9
15505 Barac 6 9 24
10036 Barao 24 25 11
30905 Barbara 22 25 21
8716 Barbora 8 28 19
5593 Barcino 17 0 29
20180 Bartolina 13 19 6
31664 Bartolomeu 3 0 18
28386 Basilia 1 3 3
25711 Basilio 15 3 16
8461 Basilissa 8 11 25
13134 Bastiao 10 7 1
1132 Batista 9 10 10
6366 Beanina 5 7 21
9683 Beatriz 12 12 26
15110 Bebiana 21 13 15
13926 Bebiano 6 19 30
1481 Bela 20 24 13
15305 Belchior 13 8 8
13120 Belem 13 25 14
11944 Belina 5 22 5
19572 Belinda 6 25 5
25267 Belisa 18 5 8
12796 Bendavida 8 2 23
11072 Benedita 17 18 18
29319 Benedito 28 21 29
2606 Benevenuto 21 3 23
9913 Benicia 20 3 17
25284 Benicio 29 18 14
1294 Benigna 23 24 9
14495 Benilde 18 24 23
13717 Benita 28 3 3
743 Benjamim 2 22 3
27843 Benjamina 8 27 22
7785 Bento 30 14 11
19893 Benvinda 23 2 17
32073 Berardo 14 7 9
22416 Berengaria 20 22 21
26979 Berilo 13 1 11
32487 Bernadete 11 13 22
5780 Bernardete 6 16 30
23376 Bernardim 11 29 3
27785 Bernardina 1 6 14
21126 Bernardino 14 3 3
27588 Bernardo 10 19 22
13782 Bernia 29 3 27
28657 Bertila 17 30 3
11167 Bertilde 25 7 16
25030 Bertina 12 18 17
20016 Bertino 14 25 21
15617 Berto 25 25 9
29265 Bertolino 30 15 18
13125 Betania 16 23 6
23340 Betia 28 27 20
15072 Betina 22 27 21
3706 Betino 17 6 14
4289 Beto 29 16 5
21276 Betsabe 25 24 13
12074 Bia 29 6 18
30096 Biana 19 22 10
1761 Bianca 11 14 25
2263 Bianor 14 17 4
30440 Bibiana 27 8 8
20428 Bibili 0 3 28
7946 Bijal 5 9 20
6656 Bina 14 28 23
19391 Bitia 16 14 24
30862 Blandina 2 8 1
28208 Blasia 20 23 12
4747 Boanerges 27 23 22
26983 Boavida 3 1 4
24061 Boris 13 26 19
1516 Branca 8 24 7
27004 Brandao 30 10 25
10079 Bras 18 20 25
1005 Brasia 8 9 14
31695 Braulio 4 28 12
15090 Brazia 16 8 29
23263 Brena 25 5 0
11783 Brenda 25 22 12
31479 Breno 25 14 15
25445 Brian 6 20 19
5391 Briana 16 29 2
29987 Bricia 26 9 4
5087 Brigida 4 2 20
24620 Brigido 26 24 7
4470 Brigite 27 11 4
19449 Briolanjo 7 18 1
15995 Briosa 2 6 5
6466 Brites 14 2 15
26805 Brizida 25 5 26
14073 Bruce 14 25 23
17029 Bruna 12 9 4
30793 Bruno 15 12 2
23413 Brunilde 4 20 20
15223 Bryan 4 25 14
31250 Cassia 26 23 15
28879 Cael 18 11 9
18846 Caetana 8 6 10
18955 Caetano 26 19 27
8808 Caia 2 0 14
24017 Caico 14 8 22
10697 Caio 22 19 6
10296 Caleb 10 18 3
12051 Calila 12 10 6
22653 Calisto 16 30 17
5369 Camelia 27 4 20
7499 Camila 23 22 28
21302 Candice 2 5 1
27708 Candido 8 13 5
14981 Cania 11 25 13
26246 Canto 26 11 10
13600 Carela 13 2 3
20569 Caren 7 17 24
13950 Carin 18 8 12
31 Carina 14 4 20
27770 Carisa 27 21 17
21343 Carisia 28 15 0
17346 Carissa 25 5 20
18585 Carita 21 3 10
10368 Carla 22 6 8
11319 Carlinda 27 4 14
10941 Carlo 2 10 19
30296 Carlos 10 29 24
20845 Carlota 0 16 17
3118 Carmelia 25 7 1
9950 Carmelina 15 13 24
10534 Carmelinda 11 20 8
20921 Carmelita 7 16 25
5742 Carmen 16 18 21
26358 Carmerio 9 26 18
19354 Carmezinda 2 11 12
17514 Carmim 3 22 2
10610 Carmina 2 5 30
225 Carminda 12 2 20
18481 Carminho 4 10 7
9691 Carmo 13 25 3
23741 Carmorinda 27 11 7
18536 Carol 11 29 27
5280 Carole 4 18 7
444 Carolina 17 10 14
1740 Carsta 26 28 27
3430 Cassandra 10 27 6
1897 Cassia 1 26 13
16986 Cassiano 4 8 19
24393 Cassilda 2 9 18
1322 Cassio 22 23 20
11181 Casta 14 21 8
1312 Castelina 20 15 13
4481 Castelino 21 29 24
25373 Castor 17 14 28
1857 Castorina 19 30 14
6238 Catalina 26 15 9
21272 Catarina 20 15 13
25764 Catarino 26 23 9
1796 Caterina 14 12 8
1610 Catia 4 14 4
21243 Catila 2 4 5
21576 Catilina 21 23 15
1391 Cecilia 9 17 3
20805 Cedrico 20 19 28
5271 Celia 20 24 4
18453 Celina 16 7 5
8045 Celinia 21 26 22
17759 Celino 15 27 20
2889 Celio 15 9 11
7999 Celisio 15 22 3
19309 Celsa 28 10 0
796 Celsio 12 8 11
2581 Celso 4 5 24
780 Celto 7 20 13
26294 Ceres 21 16 3
10105 Cesaltina 25 25 24
23450 Cesaria 29 8 20
28397 Cesarina 6 5 14
11515 Cesario 23 13 16
13610 Cesaro 18 14 16
5701 Chantal 12 24 19
1006 Charbel 15 4 19
8998 Cheila 15 2 6
198 Chema 20 19 24
11089 Chloe 22 1 6
5788 Cibele 9 4 12
13413 Cicero 3 21 7
6848 Cid 25 15 8
19574 Cidalia 12 16 0
23854 Cidalina 23 24 28
31976 Cidalio 5 24 16
7621 Cidalisa 3 15 14
6655 Cildo 27 8 16
11284 Cilia 26 4 10
14331 Cilio 30 27 10
2689 Cinara 26 29 30
14897 Cinara 1 28 14
22410 Cinderela 16 19 22
21431 Cinira 30 3 20
5685 Cintia 15 2 24
20124 Cipora 26 5 8
30448 Circe 2 1 9
21962 Ciria 30 22 22
3176 Cirila 28 4 6
7934 Cirilo 17 19 25
29728 Ciro 13 24 5
30937 Cita 10 17 29
9470 Cizina 22 11 22
18152 Clara 0 25 4
11703 Clarina 11 9 26
10644 Clarinda 28 10 28
9041 Clarindo 16 24 17
13202 Clarinha 14 15 12
31252 Clarisse 15 8 13
12712 Claudemira 9 22 21
22225 Claudemiro 29 5 8
31772 Claudia 29 28 1
9368 Claudiana 15 7 28
7675 Claudiano 30 3 30
25984 Claudio 14 2 23
3920 Cleia 13 23 30
32370 Cleide 6 25 15
25161 Clelia 6 22 4
32318 Clelio 25 23 14
611 Clemência 22 29 22
8852 Cleodice 16 14 20
24081 Cleonice 25 24 26
12696 Cleopatra 15 13 23
22138 Clesia 17 28 19
28222 Clesio 6 0 8
19682 Clicia 18 29 10
14188 Clicio 4 17 25
14109 Clidio 2 10 12
16903 Clife 20 17 2
27525 Climenia 18 9 26
6090 Clivia 7 5 13
17007 Cloe 12 20 5
30484 Cloe 19 21 0
12953 Clorinda 17 24 20
19997 Clorindo 4 10 11
16902 Clovis 5 8 11
16610 Colete 0 10 13
27319 Conceicao 13 10 15
5998 Concha 15 28 9
31317 Consolacao 5 23 14
8040 Constanca 20 9 0
27656 Constancia 1 18 5
8972 Constancio 4 23 9
26875 Consulino 29 25 22
4258 Cora 29 27 17
2953 Coralia 1 18 21
10988 Coralio 15 2 24
11119 Cordelia 26 7 26
8469 Corina 7 26 4
24838 Corino 25 12 20
27449 Corita 24 20 23
10367 Corito 19 24 21
28480 Corsino 0 7 18
10416 Cosete 11 17 1
30449 Cosme 27 7 6
29038 Cremilda 20 0 10
4970 Cremilde 11 23 19
30091 Crestila 19 1 7
16798 Crisalia 7 12 2
26095 Crisalida 17 8 29
32367 Crisanta 29 6 6
16454 Crisante 25 20 29
6723 Crispim 9 27 18
23797 Cristela 20 0 7
21840 Cristele 11 22 16
21402 Cristene 30 24 21
26785 Cristiana 3 27 8
26634 Cristiano 8 29 3
9154 Cristofe 24 4 16
8816 Cristoforo 3 16 7
12762 Cristolinda 16 25 9
15979 Cristovao 24 19 29
4283 Cursino 22 29 9
30835 Dacia 4 28 28
4413 Dacio 13 29 12
21308 Dafne 11 2 0
13211 Dagmar 14 13 9
32025 Dagoberto 18 10 5
1976 Daina 4 4 30
32192 Daisi 27 4 14
14443 Dalia 19 24 16
22230 Daliana 5 16 8
25153 Dalida 17 28 26
22058 Dalila 28 30 3
6498 Dalinda 23 12 25
3728 Dalva 21 11 13
24436 Damaris 14 7 28
21680 Damas 8 13 16
4526 Damiao 17 8 26
18258 Damien 7 14 11
22654 Dana 10 13 12
26338 Dania 27 8 18
11633 Daniana 27 4 27
7748 Daniel 24 13 4
28474 Daniela 28 15 1
6921 Danila 5 10 12
18139 Danilo 16 21 18
5016 Dante 19 13 28
25332 Dara 27 13 9
8596 Darcilia 20 24 16
14157 Darcio 12 24 23
14918 Dario 22 23 10
31263 Dario 25 24 3
24755 Darlene 18 15 13
31048 Darnela 3 17 1
20106 Darque 28 19 20
9717 Davi 2 3 3
15759 David 16 7 6
29411 Davide 4 18 16
7534 Davina 11 9 19
16744 Davinia 24 23 11
8474 Debora 7 8 18
15317 Decia 27 1 25
10272 Decimo 21 9 21
12285 Deise 11 17 12
27544 Deivid 7 29 17
21220 Dejalme 8 21 7
21400 Dejanira 23 22 22
24285 Delcio 1 17 10
16733 Dele 21 16 2
18337 Delfim 19 26 9
15227 Delfino 22 12 9
23594 Delia 29 14 1
5336 Deliana 12 6 5
11347 Delio 8 23 26
11328 Delisa 26 16 20
30863 Delmano 24 11 26
4560 Delmar 14 21 8
25649 Delmina 3 3 27
2193 Delmina 17 0 6
10011 Delminda 6 18 29
19950 Delmira 16 20 12
8660 Delmiro 11 17 7
7668 Demelza 9 27 25
3919 Demeter 22 19 11
25212 Demetria 15 16 15
10731 Demetrio 24 8 22
11434 Dener 6 2 25
1397 Denil 20 22 12
21356 Denis 2 5 3
11825 Denisa 24 8 8
9943 Denise 20 8 24
23860 Deodata 28 16 28
26524 Deodete 3 16 17
21660 Deolindo 27 24 28
27364 Deonilde 15 26 18
19042 Deotila 18 24 30
22104 Deotila 9 29 23
16087 Dercio 2 5 6
32034 Derocila 26 28 16
17433 Deusdedito 4 1 19
28193 Dhruva 11 7 26
9715 Dialina 19 0 18
1200 Diamantina 30 20 30
7693 Diamantino 16 27 4
6316 Diana 30 17 9
24154 Didaco 7 5 14
3998 Didia 12 15 4
19484 Didiana 21 17 7
24622 Diego 2 6 5
22532 Dieter 22 10 20
25170 Digna 13 21 10
1063 Digno 24 17 24
22999 Dilan 11 4 16
22059 Dilermando 10 11 7
12833 Diliana 30 12 21
6556 Dilsa 22 17 1
8134 Dimas 12 1 17
2917 Dina 3 17 30
29285 Dina 22 28 11
4922 Dinamene 19 3 17
29930 Dinarda 2 22 28
29245 Dinarta 4 29 8
1613 Dinarte 29 18 25
3192 Dineia 15 22 5
16277 Dinis 1 9 26
28501 Dino 2 14 8
30464 Dinora 4 1 25
1196 Dioclecia 27 12 24
29008 Diocleciana 14 11 6
8025 Diocleciano 17 9 29
23179 Dioclecio 15 25 8
13696 Diogo 2 14 23
10672 Diomar 27 24 24
32227 Dione 9 24 15
28468 Dionilde 8 8 27
4342 Dionisia 18 2 3
19520 Dionisio 14 2 4
29596 Dioniso 11 19 26
266 Dionisodoro 20 13 1
24746 Dirce 28 27 22
12988 Dircea 19 13 24
4005 Dircila 8 5 3
19905 Dirio 6 16 15
27224 Dirque 13 28 10
20352 Disa 1 20 23
28725 Ditza 26 12 9
23229 Diva 18 8 25
15773 Divo 6 25 5
21567 Diza 16 28 26
7811 Djalma 2 11 28
29037 Djalme 26 2 6
3842 Djalmo 13 5 2
12536 Djamila 16 17 16
25062 Dolique 17 6 0
13786 Dolores 20 9 25
17462 Domingas 11 14 27
32550 Domingos 2 10 21
20026 Dominico 14 10 7
2944 Domitila 1 14 18
5531 Domitilia 22 7 28
11576 Domitilo 1 1 27
4487 Donaldo 29 20 18
15452 Donatila 22 5 24
26884 Donato 28 24 25
32320 Donzelia 15 12 17
17629 Donzilia 7 10 0
5702 Donzilio 8 22 8
18878 Dora 23 22 13
12783 Dorabela 30 5 13
17538 Doralice 11 4 26
29313 Doriana 23 5 2
8653 Doriclo 3 19 10
26817 Dorina 18 25 5
21328 Dorinda 13 15 7
23441 Dorindo 22 5 22
6263 Dorine 8 21 9
6261 Dorino 3 27 7
3416 Doris 14 7 4
17740 Dorisa 19 26 7
14855 Dositeu 4 6 25
9408 Drusila 14 25 11
28107 Druso 20 26 20
2868 Duarte 25 16 28
19659 Duartina 9 14 13
28738 Duilio 12 27 18
27675 Dulce 27 2 29
10500 Dulcelina 21 15 11
30559 Dulcidia 7 19 20
31161 Dulcina 23 22 9
29789 Dulcineia 9 7 27
24969 Dulcinio 8 1 9
7213 Dulia 0 4 9
22901 Dunia 11 23 27
16114 Dunio 13 29 15
18355 Durbalino 9 12 6
3637 Durval 9 30 1
13068 Durvalina 7 10 5
19302 Durvalino 28 4 9
24044 Earine 26 12 29
778 Eberardo 12 17 24
28494 Eda 14 19 20
664 Eder 17 16 25
16296 eder 15 9 13
26141 Ederia 8 5 21
21115 Edgar 30 5 14
2366 edi 6 4 25
28990 Edina 26 21 13
17076 Edine 1 14 26
25309 edipo 10 3 0
29174 Edir 22 21 30
11872 Edite 19 5 8
21168 Edith 5 24 1
21766 Edma 29 15 5
19555 Edmero 16 16 14
18077 Edmur 8 6 27
25776 Edna 17 24 9
6947 Edo 27 16 24
24819 Eduarda 27 17 5
17018 Eduardo 14 13 22
31157 Eduartino 13 22 7
8836 Eduina 9 2 2
22212 Eduino 2 18 26
8043 Edvino 23 26 21
240 Egidio 4 13 29
9954 Egil 11 20 30
7865 Eglantina 12 9 16
24218 Eladio 27 18 27
15226 Elana 1 8 14
22342 Elca 25 24 27
5326 Elda 9 24 1
28900 Eleazar 8 29 4
2117 Electra 15 13 22
16933 Eleia 22 14 12
19368 Eleine 6 18 12
9252 Elena 6 25 18
19664 Eleonor 29 1 1
13937 Eleonora 18 6 12
30133 Eleuterio 9 28 2
27429 Elgar 29 28 21
9442 Eli 27 14 16
28210 elia 6 24 2
887 Eliab 0 28 12
1020 Eliana 21 20 13
17825 Eliane 26 11 20
27264 Eliano 4 12 7
25642 Elias 1 13 2
3400 Elicia 18 20 14
8910 Eliete 18 14 22
30223 Eliezer 15 29 18
11650 elin 0 11 27
28024 Elina 21 10 8
19672 Eline 28 27 7
6748 elio 26 16 7
21137 Elioenai 3 22 24
23713 Elisa 11 4 21
10134 Elisabeta 7 14 26
18363 Elisabete 17 2 21
28403 Elisabeth 18 20 20
580 Elisama 9 21 13
3475 Eliseba 24 28 17
15187 Elisete 24 20 30
9404 Eliseu 23 21 29
11123 Elisia 11 26 10
15785 Elisiario 2 14 5
1642 Elma 21 14 13
5807 Elmano 30 24 17
11317 Elmar 5 25 1
18129 Elmer 3 6 26
6883 Elmira 27 1 27
21169 Eloa 14 2 15
28716 Elodia 26 4 6
26169 Elodia 24 5 22
260 Eloi 6 19 21
16509 Eloisa 7 1 14
32373 Elpidio 2 14 5
2967 Elsa 18 20 24
6781 Elsinda 23 3 27
26776 elsio 15 7 4
29904 elson 1 9 28
30654 elton 30 5 0
5798 Eluina 15 10 13
10120 Elva 10 24 0
15873 Elvina 5 9 7
10606 Elvino 19 23 21
31753 Elza 17 17 21
8513 Elzeario 23 17 8
1910 Elzo 5 22 10
3185 Ema 11 23 3
27424 Emanuel 4 27 1
2272 Emanuela 26 4 23
14889 Emaus 10 24 10
7907 Emidia 8 6 16
32352 Emidio 0 1 29
4251 Emilia 24 4 20
31432 Emiliana 15 4 14
210 Emo 16 4 19
27510 Encarnacao 26 28 20
5624 Eneias 22 8 7
29972 Enes 20 28 24
8711 Engelecia 5 19 15
18896 Engracio 17 26 13
24126 enia 29 11 21
30343 Enide 18 7 17
546 Enilda 24 6 8
8799 enio 30 16 2
30505 Enoque 27 8 18
7225 Enrique 6 9 20
14061 Enzo 1 0 18
11419 eola 14 18 16
4066 Eponina 0 29 14
6148 Ercilia 14 25 10
11498 Ercilio 29 0 13
23752 Eric 7 19 23
24110 Erica 12 11 30
20710 erica 13 3 8
22062 Erico 25 16 24
10104 erico 25 12 4
25574 Erik 14 16 1
25256 Erika 11 27 14
15218 Erique 28 4 17
7762 eris 22 13 7
10407 Ermeria 22 2 4
16573 Ermiterio 28 11 20
18961 Ernani 15 22 11
15306 Esau 24 3 15
109 Esmeralda 14 20 21
17483 Esmeraldo 25 9 18
26064 Esmeria 12 18 15
4759 Especiosa 22 5 23
3635 Esperanca 29 13 21
13242 Estanislau 16 0 10
24452 Estefana 13 7 25
5813 Estefania 6 8 20
21091 Estefano 10 15 18
2246 Estela 3 6 1
16842 Estelio 11 10 25
30949 Ester 10 22 3
2319 Estêvao 10 12 25
25674 Estrela 25 2 10
27363 Etel 16 12 13
7153 etel 16 14 24
20780 Etelca 23 25 4
21371 Eteria 4 9 18
13564 Eudora 19 25 28
11230 Eufemia 10 17 19
14065 Eularina 10 2 1
16575 Eulogio 17 8 21
29619 Eunice 26 18 8
13673 Eurica 6 14 21
15744 Eurico 20 6 11
26307 Euridice 27 7 16
27352 Eustacio 6 23 7
20914 Eutalia 9 19 27
11208 Eva 15 4 11
31175 Evaldo 27 21 2
14898 Evandra 15 12 1
8362 Evandro 8 14 19
31549 Evangelino 16 21 28
15360 Evangelista 17 12 10
22770 Evelacio 12 0 22
12890 Evelasio 0 2 9
27539 Evelina 21 18 4
11528 Eveline 15 13 15
10495 Evelio 11 28 12
7433 Evêncio 2 3 29
20045 Everaldo 11 11 9
717 Everardo 7 16 18
31513 evila 6 3 17
17601 Expedito 24 27 18
13398 Ezequiel 12 19 17
4955 Ezequiela 2 27 8
29355 Fabia 11 19 5
16536 Fabiana 23 0 22
16331 Fabiano 5 9 1
20224 Fabiao 27 3 24
21736 Fabio 10 19 12
23242 Fabiola 10 2 25
11202 Fabricia 6 20 29
21683 Fabricio 23 14 13
31558 Falco 2 9 2
1161 Fani 29 15 24
3642 Fania 5 21 19
27495 Fantina 9 24 15
25874 Fara 21 9 17
1195 Farida 4 9 9
32645 Fatima 15 10 22
17337 Faustino 22 20 10
21446 Fausto 28 26 27
23760 Feba 22 23 10
26766 Febe 22 26 24
6515 Fedora 12 26 24
28755 Fedra 7 5 2
15673 Felicia 16 26 12
30563 Feliciana 7 29 29
26114 Felicidade 25 23 12
961 Felicissimo 20 26 10
27358 Felisbela 24 2 19
15600 Felisbina 24 19 26
5931 Felismina 14 10 24